Some((
    red: 0.90588236,
    green: 0.6117647,
    blue: 0.99607843,
))